63108 166467
101619 160663
208056 258287
246615 126551
114626 177155
167900 212358
15332 150787
86935 234033
132650 131182
177698 173401
107318 14556
175524 174342
255636 164535
53191 111482
228648 224284
244189 175417
128696 255422
184961 161090
96172 242071
154075 123738
23924 263320
38241 132971
162285 45602
255494 195436
189348 66102
201583 138674
245974 55637
69282 194605
202416 148697
57594 87057
184651 184058
146846 12448
99570 214967
201537 79519
213162 73999
192311 67517
24802 71412
144337 11192
158367 232753
233596 227212
56374 4656
98223 169676
42015 255637
81495 134264
232352 201335
172570 130843
250310 241137
119423 211318
247430 174496
83447 101449
156952 47835
160956 156816
236059 84190
4393 159868
38186 182200
200851 28199
159634 184296
168029 38344
210552 164138
131953 178774
62110 252291
46118 58384
214041 48605
170075 236540
76440 155571
650 176483
183714 249925
139004 104792
235501 147223
221708 119851
103028 85524
53838 27139
114976 89143
126184 208206
261380 210903
208734 219553
84001 176828
130714 113280
128402 23290
187812 225716
245339 241199
196033 76430
232198 105507
25209 172670
185605 21834
62349 215395
71937 124150
65863 147573
145948 86720
165186 175090
28049 192344
99952 121492
149932 222559
186740 170500
37628 224761
169896 235745
129271 82453
581 205448
193750 228461
57128 249592
